000002
000004
000005
000008
000011
000012
000018
000019
000023
000031
000032
000043
000048
000051
000052
000053
000054
000056
000057
000060
000062
000064
000067
000068
000069
000070
000076
000082
000087
000089
000091
000092
000097
000099
000100
000102
000104
000105
000106
000108
000110
000114
000118
000120
000121
000123
000127
000130
000135
000142
000145
000148
000152
000153
000154
000157
000158
000160
000164
000165
000166
000170
000171
000172
000175
000176
000182
000184
000185
000188
000190
000191
000192
000193
000194
000197
000200
000202
000204
000206
000210
000211
000215
000216
000218
000219
000220
000224
000232
000233
000234
000236
000241
000244
000245
000246
000251
000252
000257
000261
000262
000267
000273
000275
000276
000278
000279
000283
000288
000290
000291
000294
000296
000302
000304
000308
000313
000314
000316
000317
000318
000319
000321
000324
000331
000334
000336
000338
000340
000341
000344
000348
000349
000350
000355
000358
000359
000360
000364
000365
000366
000370
000371
000373
000374
000382
000383
000391
000392
000397
000398
000402
000405
000406
000409
000414
000416
000421
000423
000427
000429
000435
000437
000440
000445
000446
000452
000456
000458
000464
000465
000467
000470
000478
000479
000481
000483
000492
000494
000495
000497
000498
000503
000506
000511
000512
000513
000514
000521
000523
000527
000528
000533
000537
000538
000540
000541
000544
000546
000547
000548
000552
000557
000561
000563
000565
000567
000569
000571
000572
000575
000578
000579
000581
000583
000586
000590
000592
000596
000598
000601
000602
000604
000605
000606
000610
000613
000614
000616
000624
000625
000627
000628
000631
000632
000634
000638
000642
000645
000646
000648
000649
000651
000653
000661
000662
000663
000665
000671
000675
000677
000680
000684
000690
000691
000693
000697
000701
000702
000706
000712
000714
000716
000723
000729
000730
000732
000733
000737
000745
000754
000758
000759
000760
000762
000765
000767
000770
000772
000773
000775
000777
000783
000784
000785
000787
000788
000791
000794
000796
000797
000801
000803
000804
000806
000807
000809
000812
000819
000820
000821
000824
000825
000827
000832
000833
000835
000837
000839
000841
000842
000843
000844
000847
000856
000857
000860
000862
000865
000868
000869
000875
000877
000878
000883
000884
000885
000886
000887
000891
000892
000894
000900
000901
000902
000906
000908
000910
000912
000913
000915
000916
000921
000923
000926
000930
000932
000934
000937
000938
000939
000941
000945
000947
000948
000950
000951
000954
000960
000961
000962
000963
000964
000966
000968
000971
000975
000976
000978
000980
000982
000985
000986
000987
000989
000990
000991
000993
000994
000999
001002
001003
001005
001006
001007
001010
001011
001012
001013
001014
001016
001017
001018
001019
001020
001025
001027
001028
001034
001037
001039
001040
001041
001043
001044
001049
001057
001061
001062
001063
001064
001066
001068
001069
001070
001072
001077
001080
001082
001083
001084
001090
001097
001099
001100
001101
001104
001110
001113
001115
001117
001119
001121
001122
001126
001127
001131
001132
001133
001138
001139
001141
001145
001146
001147
001148
001149
001150
001152
001153
001158
001164
001167
001168
001171
001174
001176
001178
001179
001183
001185
001186
001190
001191
001192
001196
001199
001204
001206
001207
001208
001212
001217
001218
001219
001228
001229
001231
001232
001235
001237
001238
001241
001242
001245
001249
001253
001256
001262
001263
001266
001268
001272
001276
001278
001279
001280
001281
001282
001283
001289
001292
001293
001294
001296
001298
001299
001300
001301
001305
001308
001316
001320
001322
001324
001329
001331
001332
001335
001337
001343
001345
001346
001349
001350
001351
001356
001358
001359
001360
001368
001371
001372
001373
001378
001379
001380
001383
001391
001393
001398
001402
001404
001409
001411
001412
001414
001416
001417
001425
001430
001431
001434
001435
001436
001438
001439
001441
001444
001447
001450
001452
001457
001460
001462
001463
001469
001470
001473
001474
001475
001479
001482
001485
001486
001487
001493
001494
001496
001498
001499
001502
001507
001508
001509
001513
001514
001515
001519
001520
001521
001523
001527
001529
001531
001540
001542
001543
001544
001547
001549
001551
001553
001554
001560
001563
001564
001565
001566
001567
001568
001573
001574
001576
001579
001592
001593
001594
001596
001598
001599
001601
001606
001608
001611
001612
001618
001622
001625
001629
001636
001639
001641
001645
001646
001647
001655
001656
001660
001663
001664
001666
001669
001670
001671
001673
001676
001678
001679
001680
001687
001688
001692
001695
001701
001703
001708
001710
001711
001714
001716
001719
001721
001723
001725
001727
001729
001732
001733
001734
001737
001742
001743
001744
001745
001749
001751
001753
001756
001758
001763
001765
001768
001769
001775
001777
001778
001779
001785
001786
001791
001794
001796
001797
001798
001803
001804
001806
001810
001811
001814
001815
001817
001818
001819
001821
001825
001826
001831
001834
001838
001845
001847
001848
001850
001852
001853
001856
001858
001861
001864
001867
001869
001871
001872
001873
001874
001876
001881
001884
001886
001888
001892
001896
001897
001901
001902
001904
001907
001908
001909
001910
001912
001914
001916
001918
001923
001926
001932
001933
001936
001941
001943
001948
001950
001951
001954
001957
001959
001961
001962
001963
001964
001971
001973
001974
001979
001982
001984
001985
001987
001989
001990
001992
001994
001996
002003
002004
002005
002006
002015
002016
002022
002026
002027
002028
002031
002032
002035
002037
002039
002042
002043
002046
002051
002052
002053
002057
002058
002061
002063
002065
002066
002068
002070
002071
002072
002078
002084
002085
002091
002092
002093
002094
002097
002098
002103
002104
002105
002106
002110
002111
002112
002118
002126
002131
002134
002135
002140
002141
002142
002143
002146
002150
002154
002157
002159
002160
002162
002165
002167
002171
002173
002175
002178
002180
002181
002185
002189
002190
002192
002193
002196
002199
002200
002202
002206
002207
002208
002214
002217
002218
002221
002225
002230
002244
002245
002247
002254
002255
002257
002258
002261
002263
002267
002268
002269
002272
002275
002277
002279
002281
002285
002288
002295
002296
002297
002299
002302
002304
002306
002308
002313
002315
002316
002320
002321
002322
002329
002332
002333
002342
002343
002344
002345
002346
002347
002349
002354
002356
002361
002365
002366
002368
002369
002370
002371
002375
002376
002382
002383
002385
002389
002393
002396
002399
002400
002403
002405
002406
002407
002422
002428
002429
002430
002433
002434
002435
002442
002448
002449
002455
002456
002458
002459
002460
002462
002463
002464
002468
002469
002475
002477
002479
002480
002482
002483
002486
002488
002491
002498
002499
002500
002501
002506
002511
002512
002514
002515
002516
002517
002520
002523
002525
002531
002533
002537
002538
002539
002541
002542
002546
002547
002549
002554
002555
002556
002561
002562
002563
002564
002565
002569
002570
002571
002573
002574
002579
002585
002587
002589
002593
002598
002599
002610
002615
002618
002624
002626
002628
002631
002637
002643
002644
002647
002648
002650
002651
002654
002659
002668
002669
002670
002672
002677
002684
002685
002686
002694
002697
002701
002703
002708
002712
002714
002722
002727
002730
002733
002736
002737
002740
002743
002744
002745
002755
002764
002765
002766
002767
002769
002770
002772
002775
002776
002779
002781
002784
002790
002792
002794
002795
002796
002798
002801
002802
002810
002812
002813
002822
002826
002828
002831
002832
002833
002834
002837
002839
002846
002847
002849
002852
002857
002858
002860
002867
002872
002875
002877
002878
002884
002885
002888
002889
002893
002894
002895
002896
002897
002900
002903
002907
002908
002909
002912
002913
002917
002918
002921
002922
002923
002928
002933
002934
002935
002938
002939
002945
002948
002949
002953
002957
002961
002962
002963
002967
002970
002971
002972
002974
002975
002976
002978
002980
002981
002983
002985
002987
002988
002990
002991
003000
003001
003002
003003
003004
003005
003006
003010
003011
003013
003014
003015
003017
003021
003022
003024
003029
003030
003032
003033
003035
003037
003038
003046
003050
003054
003057
003058
003060
003061
003062
003066
003070
003073
003076
003079
003080
003081
003082
003084
003087
003088
003090
003094
003096
003097
003100
003102
003103
003105
003106
003111
003112
003113
003115
003116
003118
003121
003122
003125
003126
003135
003137
003138
003139
003142
003150
003158
003159
003161
003162
003166
003168
003179
003181
003185
003188
003195
003196
003201
003205
003207
003209
003211
003214
003215
003219
003221
003229
003234
003236
003240
003241
003244
003249
003251
003252
003256
003257
003261
003270
003273
003275
003277
003282
003283
003287
003293
003297
003299
003302
003303
003304
003309
003311
003315
003317
003319
003320
003323
003326
003328
003331
003337
003338
003339
003345
003346
003348
003349
003351
003353
003354
003356
003359
003360
003367
003369
003370
003371
003373
003375
003377
003378
003379
003384
003385
003386
003387
003388
003389
003390
003391
003393
003394
003396
003397
003398
003401
003406
003407
003416
003417
003420
003424
003426
003431
003433
003437
003441
003443
003448
003449
003453
003458
003459
003464
003469
003472
003473
003480
003481
003487
003490
003491
003493
003501
003502
003503
003506
003507
003508
003510
003516
003519
003520
003527
003528
003530
003534
003539
003540
003541
003542
003550
003551
003552
003561
003563
003565
003566
003567
003570
003573
003575
003577
003578
003580
003584
003585
003586
003587
003589
003590
003591
003597
003600
003604
003606
003607
003612
003616
003626
003628
003630
003631
003633
003635
003636
003637
003640
003642
003643
003648
003649
003651
003652
003653
003654
003655
003656
003658
003659
003661
003662
003663
003665
003667
003669
003670
003671
003673
003676
003680
003685
003687
003688
003693
003694
003698
003700
003702
003706
003707
003709
003710
003711
003719
003721
003730
003732
003734
003736
003737
003739
003741
003742
003743
003746
003747
003748
003749
003750
003751
003753
003754
003759
003760
003761
003763
003764
003768
003769
003770
003772
003774
003777
003780
003784
003786
003787
003790
003793
003798
003801
003807
003813
003816
003817
003822
003823
003825
003826
003831
003832
003834
003835
003837
003839
003840
003843
003847
003848
003850
003852
003856
003860
003866
003872
003876
003884
003886
003887
003891
003895
003897
003903
003907
003908
003911
003914
003917
003920
003921
003923
003924
003927
003930
003932
003934
003942
003944
003945
003946
003947
003951
003952
003956
003957
003959
003961
003962
003964
003966
003968
003971
003972
003973
003974
003980
003981
003984
003985
003989
003994
004001
004002
004003
004004
004005
004006
004008
004010
004011
004012
004016
004019
004020
004023
004026
004031
004032
004034
004035
004036
004037
004038
004039
004043
004044
004046
004047
004048
004049
004050
004055
004057
004062
004063
004074
004075
004076
004084
004086
004089
004092
004093
004097
004102
004103
004104
004105
004108
004112
004113
004114
004115
004118
004123
004124
004125
004126
004129
004130
004131
004133
004137
004140
004147
004148
004149
004150
004151
004153
004157
004159
004160
004162
004165
004168
004172
004174
004177
004179
004180
004181
004182
004190
004191
004194
004195
004196
004201
004202
004203
004206
004208
004211
004214
004218
004219
004222
004223
004224
004226
004227
004228
004229
004231
004235
004236
004239
004241
004243
004244
004247
004248
004251
004253
004254
004257
004259
004262
004263
004265
004268
004272
004274
004275
004280
004281
004283
004285
004287
004292
004293
004294
004298
004299
004304
004305
004307
004309
004310
004311
004312
004314
004317
004318
004320
004321
004322
004323
004324
004326
004328
004329
004331
004333
004334
004336
004339
004341
004342
004343
004346
004350
004352
004354
004355
004357
004358
004365
004366
004368
004369
004377
004379
004382
004385
004387
004388
004389
004391
004393
004394
004395
004397
004405
004409
004411
004418
004419
004424
004426
004430
004432
004433
004434
004438
004440
004445
004449
004453
004454
004455
004456
004458
004469
004471
004472
004476
004477
004479
004480
004483
004485
004487
004491
004492
004493
004497
004498
004504
004505
004507
004509
004511
004514
004517
004521
004522
004525
004526
004534
004536
004538
004541
004542
004544
004547
004549
004551
004552
004555
004556
004557
004560
004564
004569
004572
004574
004575
004576
004577
004578
004579
004581
004583
004587
004589
004591
004596
004598
004600
004605
004608
004611
004612
004614
004622
004624
004626
004628
004630
004631
004635
004637
004641
004646
004650
004653
004655
004657
004662
004663
004664
004665
004666
004671
004672
004674
004676
004678
004679
004686
004687
004688
004689
004690
004691
004695
004696
004705
004706
004707
004709
004712
004715
004716
004720
004722
004737
004738
