000002
000004
000005
000007
000010
000011
000017
000018
000021
000030
000031
000046
000049
000050
000051
000053
000056
000058
000060
000063
000064
000065
000071
000077
000082
000084
000086
000087
000092
000094
000095
000098
000099
000101
000103
000107
000112
000114
000116
000120
000123
000128
000135
000138
000141
000146
000147
000150
000151
000153
000157
000158
000159
000163
000164
000165
000168
000174
000176
000177
000180
000181
000183
000184
000185
000188
000191
000193
000195
000200
000201
000205
000206
000208
000209
000210
000214
000223
000224
000226
000231
000234
000235
000236
000240
000241
000249
000250
000259
000261
000262
000264
000265
000269
000276
000278
000279
000282
000284
000291
000293
000297
000303
000305
000306
000307
000308
000310
000313
000322
000324
000326
000328
000329
000330
000333
000337
000338
000339
000344
000347
000348
000349
000353
000354
000355
000360
000361
000363
000371
000372
000380
000381
000386
000387
000391
000394
000395
000404
000406
000408
000412
000414
000419
000421
000427
000432
000437
000438
000444
000448
000450
000455
000456
000458
000461
000468
000469
000470
000472
000481
000483
000485
000486
000491
000494
000499
000500
000502
000510
000512
000516
000517
000522
000527
000528
000530
000531
000537
000538
000540
000544
000549
000552
000554
000556
000558
000560
000562
000563
000566
000569
000570
000572
000576
000580
000582
000586
000588
000591
000592
000594
000595
000599
000602
000603
000605
000613
000615
000616
000619
000620
000622
000626
000630
000633
000634
000636
000637
000639
000641
000648
000649
000657
000663
000665
000668
000673
000680
000681
000683
000688
000692
000696
000702
000704
000706
000713
000719
000721
000722
000733
000743
000747
000748
000750
000753
000755
000758
000760
000761
000763
000765
000771
000772
000773
000774
000777
000780
000782
000783
000787
000789
000790
000792
000793
000795
000798
000806
000807
000808
000811
000813
000818
000819
000822
000825
000827
000828
000829
000830
000833
000842
000844
000846
000849
000852
000858
000860
000861
000866
000867
000868
000869
000870
000874
000876
000883
000884
000888
000890
000892
000894
000896
000897
000901
000903
000906
000910
000911
000913
000916
000918
000922
000924
000927
000928
000931
000936
000937
000938
000939
000940
000942
000945
000951
000953
000955
000957
000960
000961
000963
000964
000965
000968
000974
000977
000978
000980
000981
000982
000984
000985
000986
000987
000989
000990
000991
000992
000993
000999
001000
001002
001003
001009
001014
001015
001017
001018
001022
001030
001034
001035
001036
001037
001039
001041
001042
001043
001045
001049
001052
001054
001055
001056
001063
001070
001072
001073
001074
001075
001078
001084
001087
001089
001092
001094
001096
001099
001103
001104
001108
001109
001115
001117
001121
001122
001123
001124
001125
001127
001128
001140
001141
001144
001146
001148
001150
001154
001156
001160
001161
001162
001166
001169
001174
001176
001177
001178
001182
001188
001189
001190
001200
001202
001204
001205
001208
001210
001211
001214
001216
001217
001220
001224
001228
001231
001236
001237
001240
001243
001247
001253
001254
001255
001256
001257
001258
001264
001267
001268
001270
001272
001273
001274
001275
001279
001282
001291
001294
001297
001303
001305
001308
001316
001318
001319
001320
001324
001325
001326
001331
001333
001334
001335
001343
001346
001347
001348
001353
001354
001355
001358
001366
001368
001372
001376
001378
001382
001384
001385
001387
001389
001391
001399
001404
001408
001409
001410
001412
001413
001415
001419
001422
001427
001432
001435
001437
001438
001444
001447
001448
001450
001454
001456
001459
001460
001461
001467
001469
001471
001472
001475
001477
001481
001482
001483
001487
001488
001489
001492
001493
001494
001496
001501
001503
001506
001515
001517
001518
001519
001523
001525
001527
001529
001530
001536
001539
001540
001541
001542
001543
001549
001550
001552
001556
001568
001569
001570
001572
001574
001576
001581
001584
001588
001589
001598
001601
001605
001612
001615
001617
001622
001623
001624
001634
001635
001640
001643
001644
001646
001649
001650
001651
001652
001654
001657
001659
001666
001670
001674
001680
001686
001688
001689
001692
001694
001697
001701
001703
001706
001708
001711
001712
001713
001716
001721
001722
001723
001727
001729
001733
001735
001741
001743
001747
001748
001754
001756
001757
001758
001764
001765
001769
001774
001775
001776
001780
001781
001782
001785
001787
001788
001790
001791
001793
001794
001796
001800
001801
001806
001809
001813
001820
001822
001823
001825
001828
001829
001833
001836
001841
001843
001846
001848
001849
001851
001856
001860
001862
001864
001868
001872
001876
001878
001881
001882
001883
001884
001886
001888
001890
001892
001897
001900
001905
001906
001909
001915
001920
001922
001923
001927
001930
001932
001935
001936
001937
001944
001946
001947
001950
001953
001955
001956
001959
001960
001962
001964
001966
001973
001974
001975
001976
001985
001986
001992
001996
001997
001998
002001
002002
002007
002009
002011
002014
002015
002018
002022
002023
002024
002028
002029
002032
002034
002037
002039
002040
002041
002048
002054
002060
002061
002063
002064
002066
002067
002072
002074
002075
002079
002080
002081
002087
002096
002101
002104
002109
002110
002111
002112
002115
002119
002123
002126
002128
002129
002131
002135
002136
002140
002142
002144
002147
002149
002153
002157
002158
002160
002161
002167
002168
002170
002174
002175
002176
002181
002184
002185
002192
002198
002213
002216
002223
002224
002226
002227
002230
002232
002236
002237
002240
002243
002246
002248
002249
002253
002255
002262
002263
002264
002268
002269
002271
002273
002277
002279
002280
002281
002286
002287
002294
002297
002298
002308
002310
002311
002312
002313
002315
002320
002322
002327
002331
002333
002334
002335
002336
002340
002341
002347
002348
002350
002354
002358
002362
002365
002366
002369
002371
002372
002385
002391
002393
002396
002397
002398
002399
002408
002413
002414
002422
002423
002425
002426
002427
002429
002430
002431
002434
002436
002442
002444
002446
002447
002449
002450
002453
002455
002464
002465
002466
002467
002472
002476
002478
002479
002480
002481
002484
002487
002489
002496
002498
002502
002503
002504
002506
002507
002511
002512
002513
002518
002519
002520
002525
002526
002527
002528
002529
002533
002534
002535
002537
002538
002543
002548
002551
002559
002570
002575
002580
002585
002588
002592
002603
002604
002606
002607
002609
002611
002616
002626
002627
002628
002634
002642
002643
002644
002652
002653
002657
002662
002664
002669
002674
002682
002687
002690
002693
002696
002698
002703
002704
002705
002715
002723
002726
002727
002728
002729
002731
002732
002736
002737
002738
002740
002743
002749
002752
002754
002755
002757
002760
002762
002769
002771
002772
002782
002789
002790
002791
002795
002804
002805
002807
002810
002815
002816
002817
002825
002830
002832
002834
002835
002842
002845
002846
002851
002852
002853
002854
002857
002859
002863
002864
002865
002868
002869
002873
002874
002876
002878
002879
002880
002885
002890
002891
002896
002897
002903
002906
002907
002911
002915
002919
002920
002924
002927
002928
002929
002931
002932
002933
002936
002940
002942
002943
002945
002946
002956
002957
002958
002959
002960
002965
002966
002968
002969
002970
002972
002976
002977
002984
002985
002987
002988
002990
002992
002993
003001
003005
003011
003012
003014
003015
003016
003020
003025
003028
003033
003034
003035
003036
003037
003040
003041
003043
003048
003049
003052
003054
003056
003057
003062
003063
003064
003066
003068
003071
003072
003075
003079
003085
003087
003088
003091
003100
003109
003110
003112
003113
003117
003130
003135
003138
003145
003146
003151
003155
003157
003159
003161
003164
003169
003170
003179
003184
003186
003190
003192
003194
003199
003201
003202
003206
003207
003211
003221
003224
003226
003231
003235
003241
003245
003247
003250
003251
003252
003257
003259
003263
003266
003267
003271
003273
003276
003281
003282
003283
003289
003290
003292
003293
003295
003297
003299
003302
003310
003311
003312
003314
003316
003318
003319
003325
003326
003327
003328
003329
003330
003331
003332
003334
003335
003337
003338
003339
003342
003347
003348
003358
003359
003362
003366
003368
003373
003375
003379
003383
003388
003389
003393
003398
003403
003410
003411
003418
003419
003425
003428
003430
003439
003440
003441
003444
003452
003455
003456
003463
003464
003467
003472
003475
003476
003484
003485
003486
003495
003497
003499
003500
003501
003504
003507
003509
003511
003512
003514
003518
003519
003521
003524
003525
003530
003533
003537
003539
003540
003545
003549
003560
003562
003564
003565
003567
003570
003572
003573
003576
003578
003583
003584
003586
003587
003588
003590
003591
003592
003594
003595
003598
003599
003600
003603
003605
003606
003607
003609
003612
003617
003618
003622
003624
003625
003630
003631
003635
003640
003641
003643
003644
003645
003649
003655
003657
003668
003670
003672
003673
003675
003677
003678
003679
003682
003683
003684
003686
003688
003689
003693
003694
003697
003698
003702
003703
003705
003707
003709
003712
003716
003720
003722
003723
003726
003729
003734
003742
003749
003752
003753
003754
003759
003760
003761
003763
003764
003770
003771
003773
003774
003776
003779
003780
003783
003788
003789
003791
003793
003801
003807
003814
003819
003827
003829
003830
003834
003838
003841
003847
003852
003853
003856
003858
003863
003864
003868
003872
003874
003882
003884
003885
003886
003887
003891
003892
003896
003897
003900
003902
003903
003905
003907
003909
003913
003914
003915
003921
003922
003925
003926
003930
003941
003943
003944
003945
003946
003947
003949
003951
003952
003956
003958
003959
003962
003963
003967
003972
003973
003974
003975
003976
003977
003978
003979
003983
003984
003986
003987
003988
003989
003994
004000
004001
004013
004014
004015
004024
004026
004029
004032
004033
004037
004042
004043
004044
004045
004049
004053
004054
004055
004056
004057
004060
004065
004066
004067
004068
004071
004072
004074
004078
004082
004087
004090
004091
004092
004093
004095
004099
004101
004103
004106
004109
004115
004119
004120
004121
004122
004131
004134
004139
004140
004141
004144
004150
004154
004155
004158
004159
004161
004162
004163
004164
004169
004170
004173
004175
004177
004178
004181
004182
004185
004188
004189
004191
004193
004196
004198
004200
004204
004208
004210
004211
004216
004217
004221
004223
004227
004228
004229
004233
004235
004241
004242
004244
004245
004246
004247
004248
004250
004253
004254
004256
004257
004258
004259
004260
004262
004264
004266
004268
004269
004271
004274
004276
004277
004278
004281
004284
004286
004288
004290
004291
004293
004294
004295
004302
004303
004306
004315
004318
004322
004324
004325
004326
004328
004330
004332
004333
004342
004345
004347
004354
004355
004360
004362
004366
004368
004369
004370
004374
004376
004384
004388
004389
004390
004392
004404
004406
004407
004411
004412
004415
004416
004420
004422
004426
004427
004430
004431
004436
004437
004440
004442
004444
004447
004454
004455
004458
004466
004469
004472
004474
004477
004479
004481
004482
004484
004485
004486
004489
004493
004498
004501
004503
004504
004505
004506
004508
004509
004512
004515
004520
004522
004526
004528
004535
004538
004541
004543
004552
004554
004556
004558
004562
004564
004568
004575
004578
004580
004586
004587
004588
004589
004593
004594
004596
004598
004600
004601
004608
004609
004610
004611
004612
004616
004617
004627
004629
004631
004634
004637
004638
004643
004658
004659
